list(N=3.00000E+02, P=9.00000E+00, u=c(0.00000E+00, 0.00000E+00), y= structure(.Data= c(-7.74000E-01, -1.53900E+00, -5.35000E-01, 8.46000E-01, 1.28000E+00, -6.40000E-02, -6.89000E-01, -8.26000E-01, -3.87000E-01, 2.10800E+00, 1.78000E+00, 1.40900E+00, 1.61700E+00, 1.54500E+00, 5.64000E-01, 6.10000E-01, 7.31000E-01, -7.61000E-01, 8.06000E-01, 1.06800E+00, 1.55000E-01, 2.30300E+00, 2.02000E-01, 1.81900E+00, 1.22200E+00, 5.41000E-01, 2.07000E-01, -2.70000E-01, -4.93000E-01, -4.50000E-02, 2.47000E-01, -8.05000E-01, 6.32000E-01, -6.20000E-02, 5.30000E-01, -1.36000E-01, -2.69000E-01, -6.09000E-01, 1.26000E-01, -1.64700E+00, -7.07000E-01, -1.55700E+00, -1.80000E-02, 1.07700E+00, 6.49000E-01, 9.71000E-01, 6.57000E-01, 6.85000E-01, 2.00000E-03, 3.44000E-01, 4.60000E-02, 7.29000E-01, 2.58000E-01, -1.00900E+00, -3.42000E-01, 1.63000E-01, -3.65000E-01, 4.65000E-01, 7.10000E-02, 1.57800E+00, -4.21000E-01, -6.75000E-01, 7.12000E-01, -4.76000E-01, -1.95700E+00, -1.22300E+00, 6.40000E-02, 9.40000E-01, 1.02000E-01, -1.47500E+00, -1.14100E+00, -3.56000E-01, -4.60000E-01, 2.80000E-02, 7.60000E-02, -6.15000E-01, -1.97000E-01, -5.80000E-01, 8.47000E-01, 6.00000E-03, 8.71000E-01, -1.53500E+00, -2.34300E+00, -1.56400E+00, -1.89200E+00, -6.62000E-01, -1.14000E-01, -2.25000E-01, -1.99000E-01, 3.95000E-01, -1.18200E+00, -1.17700E+00, -1.53000E-01, -8.35000E-01, 8.80000E-02, -1.95800E+00, -1.62900E+00, -1.57000E+00, 1.82000E-01, -1.86900E+00, 3.44000E-01, -7.46000E-01, -9.55000E-01, -1.55300E+00, -8.51000E-01, -2.09100E+00, -1.58800E+00, -6.82000E-01, -5.42000E-01, -1.18000E-01, 4.40000E-02, -7.05000E-01, 8.50000E-02, -4.42000E-01, 9.18000E-01, 1.50000E-02, 1.16200E+00, -1.09300E+00, -3.55000E-01, -8.37000E-01, -9.45000E-01, 1.93000E-01, 3.88000E-01, 5.25000E-01, -1.31900E+00, -6.71000E-01, 9.19000E-01, 7.66000E-01, 7.47000E-01, 1.58800E+00, 2.04900E+00, 3.35000E-01, 1.05200E+00, -1.00000E-03, 1.15200E+00, -2.99000E-01, -2.27000E-01, -5.76000E-01, 2.29000E+00, 2.09800E+00, 1.89300E+00, -1.80100E+00, -7.65000E-01, -1.66000E+00, 1.86800E+00, 2.05800E+00, 1.05700E+00, 4.20600E+00, 3.10600E+00, 3.53000E+00, 1.36600E+00, 2.02800E+00, 1.35500E+00, -3.65000E-01, -2.47000E-01, 5.25000E-01, 1.83100E+00, 2.47200E+00, 1.03600E+00, 9.33000E-01, 2.85000E-01, 7.54000E-01, 1.16000E-01, -9.93000E-01, -4.30000E-02, -7.72000E-01, -4.35000E-01, -1.24600E+00, -4.80000E-01, -5.42000E-01, 1.00500E+00, -6.50000E-01, -1.85900E+00, -8.06000E-01, -1.17600E+00, -7.59000E-01, 1.29000E-01, -1.64400E+00, -2.75700E+00, -2.71000E-01, -2.88000E-01, -5.70000E-02, -2.07000E-01, -1.80200E+00, 3.19000E-01, -2.63000E-01, 1.25000E-01, -1.02100E+00, -5.42000E-01, 2.32600E+00, 3.53400E+00, 1.28100E+00, 2.81000E+00, 4.49000E-01, 1.33900E+00, 4.05900E+00, 2.94900E+00, 1.02700E+00, 2.71400E+00, 1.26800E+00, -1.03000E-01, 2.41200E+00, 1.65600E+00, 5.57000E-01, -3.03000E-01, -9.25000E-01, -6.32000E-01, 1.36800E+00, 1.20500E+00, 2.11000E-01, -3.80000E-02, 4.80000E-01, 7.03000E-01, 1.66000E-01, -3.44000E-01, -4.16000E-01, 4.40000E-01, 1.06600E+00, 6.80000E-01, 2.10400E+00, 3.19300E+00, 8.07000E-01, 5.77000E-01, 7.98000E-01, 1.14800E+00, 2.04000E-01, 6.70000E-01, -1.52000E-01, 5.00000E-01, 2.20400E+00, 1.44900E+00, 3.17600E+00, 1.40000E-02, 1.35400E+00, -8.42000E-01, -5.36000E-01, 1.17000E-01, 2.12000E-01, -4.16000E-01, -5.84000E-01, 1.06900E+00, 0.00000E+00, 3.90000E-02, 1.36000E+00, 8.76000E-01, 1.09100E+00, 2.45300E+00, 1.45600E+00, 1.14100E+00, 2.05500E+00, 2.38000E-01, 5.63000E-01, -4.99000E-01, 4.80000E-01, -5.15000E-01, 1.12000E+00, 2.95000E-01, 2.72400E+00, 1.12800E+00, 1.91000E+00, 2.01700E+00, -3.79000E-01, -1.33300E+00, -5.24000E-01, 3.04000E-01, -3.05000E-01, -7.78000E-01, 1.16900E+00, -3.62000E-01, -1.01000E+00, -1.71000E-01, -9.76000E-01, -2.58000E-01, -1.40000E-01, 1.04100E+00, 1.11900E+00, -1.14500E+00, -1.09900E+00, -2.02000E-01, 1.18000E-01, 2.36000E-01, 8.39000E-01, 5.53000E-01, 7.62000E-01, 1.58000E+00, 1.53000E-01, -1.80300E+00, 7.50000E-01, 5.88000E-01, 5.47000E-01, -2.49000E-01, 3.63000E-01, 7.64000E-01, -4.55000E-01, -9.15000E-01, 6.90000E-01, -1.15200E+00, -1.10900E+00, -1.78800E+00, -1.08700E+00, -1.20000E-02, -1.29400E+00, -3.95000E-01, 8.70000E-01, 9.43000E-01, -8.00000E-01, -1.82700E+00, -2.59300E+00, -1.33500E+00, -6.10000E-01, -6.25000E-01, -8.48000E-01, 1.03700E+00, -8.39000E-01, 1.00000E-02, 5.63000E-01, 1.31300E+00, 1.17600E+00, -3.30000E-01, 1.17300E+00, -1.47000E-01, 2.89400E+00, 1.55800E+00, 1.48300E+00, 1.16000E+00, 9.91000E-01, 8.92000E-01, 1.88500E+00, 1.24200E+00, 1.00200E+00, 1.40600E+00, 1.61300E+00, 1.08000E+00, -6.30000E-01, 9.47000E-01, -2.62000E-01, -1.82000E-01, 6.66000E-01, 1.10500E+00, -2.65000E-01, 1.50600E+00, 8.71000E-01, 7.97000E-01, 5.23000E-01, -3.88000E-01, -1.00000E-03, 5.02000E-01, -8.96000E-01, 2.79000E-01, -6.54000E-01, -1.24600E+00, -7.25000E-01, -5.30000E-01, -4.77000E-01, -7.05000E-01, -1.42000E-01, -1.55000E-01, -7.06000E-01, 1.22000E-01, -6.03000E-01, 2.93000E-01, 6.93000E-01, 7.31000E-01, 1.31900E+00, 1.27200E+00, 1.45000E-01, 8.96000E-01, 6.71000E-01, 1.90000E-02, 4.82000E-01, -4.39000E-01, 4.72000E-01, 7.40000E-02, 1.35100E+00, -7.37000E-01, -1.03600E+00, 5.31000E-01, -2.33000E-01, -1.08000E-01, -7.36000E-01, -3.73000E-01, 7.70000E-01, -7.70000E-02, -1.94000E-01, -1.46200E+00, -8.16000E-01, 1.39000E-01, 4.01000E-01, -3.01000E-01, -6.10000E-02, 1.68800E+00, 4.99000E-01, 1.57000E-01, -2.57000E-01, 2.34000E-01, 3.53000E-01, 1.29000E-01, -6.49000E-01, -4.68000E-01, -1.50000E-02, 2.08000E-01, 2.42000E-01, -1.97000E-01, -3.84000E-01, 7.72000E-01, -9.65000E-01, -1.65000E+00, -6.10000E-02, 3.24000E-01, -2.89000E-01, 9.14000E-01, -1.90500E+00, -2.92500E+00, -2.02200E+00, 6.70000E-01, 9.96000E-01, -5.43000E-01, -6.49000E-01, 4.53000E-01, -9.06000E-01, 2.64000E-01, -2.12000E-01, 2.02000E-01, 8.21000E-01, 6.66000E-01, 2.96000E-01, 1.31800E+00, 1.60100E+00, 9.86000E-01, 1.60000E-02, -2.16000E-01, 8.84000E-01, 6.84000E-01, 5.10000E-02, -1.24900E+00, -3.90000E-01, -5.70000E-02, 1.06900E+00, 2.70000E-02, 1.20900E+00, 5.99000E-01, -2.42600E+00, -1.39700E+00, -6.85000E-01, -1.81800E+00, -6.83000E-01, -5.60000E-01, -8.00000E-02, 7.68000E-01, 1.11500E+00, -1.02000E-01, -6.73000E-01, -3.98000E-01, -2.85000E-01, -4.94000E-01, -2.23000E-01, -2.15000E+00, -3.95000E-01, -9.68000E-01, 7.22000E-01, -1.75000E-01, -5.27000E-01, -1.32100E+00, 7.17000E-01, 4.10000E-02, 1.26000E-01, 1.04000E-01, -3.50000E-02, 1.72000E-01, -6.71000E-01, -1.29000E-01, -1.99900E+00, -1.73600E+00, -7.80000E-01, 2.07100E+00, -3.11000E-01, -4.83000E-01, -2.43800E+00, -1.05000E+00, -8.27000E-01, 1.55500E+00, -2.89500E+00, -1.69000E-01, -1.92300E+00, -8.63000E-01, -2.00700E+00, 1.88800E+00, 2.19900E+00, 2.29300E+00, -5.74000E-01, 1.39000E-01, -4.77000E-01, 6.95000E-01, 1.95900E+00, 1.93900E+00, -1.34200E+00, -2.19600E+00, -5.86000E-01, -2.31000E+00, -8.70000E-02, -2.39000E-01, -4.76000E-01, -1.52700E+00, -9.55000E-01, 8.75000E-01, 2.55100E+00, 1.72800E+00, 3.83000E-01, 2.10700E+00, 9.95000E-01, -2.66000E-01, 1.42700E+00, -1.60000E-01, 5.58000E-01, 1.49800E+00, 2.80000E-02, 1.24700E+00, 1.01400E+00, -3.20000E-02, 2.74000E-01, 3.18000E-01, 2.52000E-01, -1.23700E+00, -1.37300E+00, -5.52000E-01, 3.30000E-02, -8.91000E-01, -1.24900E+00, -2.68300E+00, -1.40500E+00, -1.59500E+00, -1.31900E+00, -9.44000E-01, 5.62000E-01, -1.37900E+00, -3.17000E-01, 8.49000E-01, -1.22000E+00, 1.03100E+00, 1.11400E+00, -3.09800E+00, -3.48800E+00, -3.03700E+00, -1.15700E+00, -1.46400E+00, -1.50000E+00, -2.49800E+00, -1.72300E+00, -1.00900E+00, 1.58300E+00, 1.42600E+00, 5.27000E-01, 2.96800E+00, 2.42300E+00, 1.43900E+00, 8.15000E-01, 6.73000E-01, 2.65000E-01, 3.03000E-01, 8.74000E-01, 1.05300E+00, 2.02400E+00, 1.76000E-01, -7.65000E-01, 1.23700E+00, 6.27000E-01, 1.82200E+00, 1.27300E+00, 1.29300E+00, 9.69000E-01, 1.14700E+00, 6.70000E-01, 8.71000E-01, 5.39000E-01, 1.75000E-01, -6.37000E-01, 3.86000E-01, 1.28000E-01, -6.65000E-01, 8.20000E-02, 7.00000E-03, 7.08000E-01, 2.88000E-01, -4.11000E-01, -3.90000E-02, 6.00000E-01, 1.82100E+00, 