list(alp=c(2.00000E+00, 2.00000E+00, 2.00000E+00, 2.00000E+00, 2.00000E+00, 2.00000E+00, 2.00000E+00, 2.00000E+00, 2.00000E+00), lam=c(1.00000E+00, 3.00000E-01, 4.00000E-01, 5.00000E-01, 1.00000E+00, -1.00000E+00), psi=c(3.00000E-01, 3.00000E-01, 3.00000E-01, 3.00000E-01, 3.00000E-01, 3.00000E-01, 3.00000E-01, 3.00000E-01, 3.00000E-01), psd=3.00000E-01, gam=c(2.00000E+00, 2.00000E+00), phi= structure(.Data= c(9.00000E-01, 3.00000E-01, 3.00000E-01, 8.00000E-01), .Dim=c(2, 2)))
